latitude=50.075651
longitude=19.940186

january=2.0;-3.1;-15.1
february=4.1;-2.5;-11.6
march=5.6;1.3;-4.3
april=11.5;7.4;4.1
may=16.0;13.1;10.4
june=18.5;15.8;13.7
july=21.1;18.0;15.2
august=19.7;17.0;14.2	
september=14.2;12.2;9.7
october=10.2;7.4;4.4
november=5.7;2.0;-3.8
december=3.3;-1.8;-8.0